0.070588 0.29412 0.054902 0
0.11765 0.33725 0.062745 0
0.062745 0.33725 0.062745 0
0.058824 0.3098 0.10196 0
0.15294 0.43529 0.082353 0
0.18039 0.49412 0.10196 0
0.1098 0.44706 0.07451 0
0.070588 0.40784 0.070588 0
0.070588 0.32549 0.1451 0
0.066667 0.34902 0.12157 0
0.070588 0.33333 0.17647 0
0.086275 0.35686 0.27451 0
0.07451 0.32549 0.25882 0
0.098039 0.38431 0.3451 0
0.12941 0.44314 0.29804 0
0.13333 0.43529 0.33333 0
0.16863 0.39216 0.21961 0
0.15294 0.33333 0.16471 0
0.14118 0.30588 0.2 0
0.16471 0.37647 0.27843 0
0.2902 0.25882 0.14118 0
0.15686 0.21176 0.10196 0
0.22353 0.31373 0.15294 0
0.33725 0.35686 0.17255 0
0.20784 0.32157 0.058824 0
0.26667 0.38431 0.066667 0
0.19608 0.36471 0.066667 0
0.15686 0.30588 0.054902 0
0.12941 0.5451 0.28235 0
0.12941 0.49412 0.26275 0
0.090196 0.38824 0.21961 0
0.10588 0.51765 0.27059 0
0.56471 0.63137 0.12941 0
0.55686 0.68235 0.14902 0
0.46667 0.63529 0.12549 0
0.50588 0.60392 0.11765 0
0.27059 0.55294 0.12941 0
0.31373 0.60392 0.1451 0
0.26667 0.63529 0.19608 0
0.25098 0.61176 0.17647 0
0.22745 0.51765 0.12157 0
0.23529 0.57647 0.15294 0
0.20784 0.54902 0.12157 0
0.13725 0.49412 0.082353 0
0.70588 0.76078 0.22745 0
0.68235 0.71765 0.18824 0
0.15294 0.35294 0.52549 0
0.15294 0.35294 0.52941 0
0.14118 0.32941 0.4902 0
0.14118 0.32941 0.4902 0
0.72549 0.75686 0.28627 0
0.67059 0.69804 0.29804 0
0.67059 0.72549 0.30196 0
0.70196 0.76863 0.27843 0
0.74118 0.74118 0.27843 0
0.63137 0.61961 0.27843 0
0.21176 0.47843 0.57647 0
0.18039 0.40392 0.55686 0
0.18039 0.44314 0.55294 0
0.21569 0.4902 0.57647 0
0.062745 0.28627 0.18039 0
0.05098 0.2549 0.10588 0
0.07451 0.23137 0.2902 0
0.058824 0.24314 0.25098 0
0.066667 0.2902 0.27451 0
0.082353 0.29804 0.32157 0
0.13725 0.078431 0.031373 0
0.17647 0.21961 0.043137 0
0.11765 0.20392 0.039216 0
0.035294 0.15686 0.1451 0
0.27059 0.24314 0.054902 0
0.2 0.10196 0.043137 0
0.24314 0.12941 0.054902 0
0.28627 0.22353 0.054902 0
0.12941 0.047059 0.16863 0
0.12941 0.054902 0.19608 0
0.20392 0.058824 0.20392 0
0.15686 0.05098 0.18039 0
0.64706 0.73333 0.29804 0
0.69412 0.77647 0.27843 0
0.56471 0.44706 0.23922 0
0.67843 0.55686 0.22353 0
0.56471 0.38824 0.18431 0
0.52941 0.36078 0.21569 0
0.57255 0.59216 0.28235 0
0.6 0.63529 0.28627 0
0.25882 0.47059 0.59216 0
0.24706 0.4902 0.58039 0
0.20392 0.60784 0.17255 0
0.16471 0.59608 0.14902 0
0.2 0.6 0.18431 0
0.22745 0.60392 0.21176 0
0.25098 0.61569 0.23529 0
0.054902 0.17255 0.22353 0
0.094118 0.25098 0.047059 0
0.26667 0.34118 0.058824 0
0.47059 0.41961 0.090196 0
0.56471 0.54902 0.11373 0
0.48627 0.48627 0.090196 0
0.41176 0.37647 0.07451 0
0.48627 0.36863 0.098039 0
0.40784 0.29804 0.078431 0
0.32941 0.16078 0.07451 0
0.38431 0.21569 0.086275 0
0.15294 0.61569 0.24706 0
0.15686 0.57255 0.26667 0
0.7451 0.76078 0.23529 0
0.72549 0.77647 0.25098 0
0.67059 0.77647 0.25098 0
0.38431 0.47451 0.078431 0
0.42745 0.56471 0.10588 0
0.34902 0.53725 0.10196 0
0.32941 0.4549 0.078431 0
0.16078 0.39608 0.07451 0
0.22745 0.47843 0.098039 0
0.10196 0.38039 0.070588 0
0.36471 0.6 0.12549 0
0.45882 0.67059 0.14118 0
0.36863 0.64314 0.15686 0
0.57647 0.72549 0.17255 0
0.63137 0.75686 0.21961 0
0.58824 0.66275 0.2902 0
0.33725 0.63529 0.16471 0
0.070588 0.41176 0.11373 0
0.070588 0.43529 0.16863 0
0.066667 0.41569 0.18431 0
0.066667 0.38039 0.15294 0
0.1098 0.43137 0.43137 0
0.090196 0.33333 0.36078 0
0.082353 0.33333 0.29804 0
0.54118 0.58824 0.11373 0
0.63922 0.6549 0.14902 0
0.070588 0.19216 0.27451 0
0.2 0.48235 0.55294 0
0.18039 0.45882 0.5451 0
0.14118 0.41961 0.47451 0
0.17255 0.45098 0.49412 0
0.094118 0.20392 0.31765 0
0.078431 0.18431 0.2902 0
0.090196 0.20784 0.32157 0
0.10588 0.23529 0.34902 0
0.23922 0.066667 0.15294 0
0.2 0.054902 0.14118 0
0.13725 0.31765 0.32941 0
0.16863 0.46667 0.37647 0
0.17647 0.47843 0.32941 0
0.17255 0.082353 0.039216 0
0.16078 0.039216 0.12157 0
0.17255 0.043137 0.098039 0
0.054902 0.1451 0.21569 0
0.070588 0.15686 0.25882 0
0.058824 0.11765 0.21961 0
0.047059 0.10196 0.18431 0
0.69804 0.62745 0.26275 0
0.62353 0.56078 0.14902 0
0.16078 0.36863 0.52549 0
0.15294 0.38431 0.51765 0
0.22745 0.23922 0.047059 0
0.18431 0.48235 0.29412 0
0.33333 0.36471 0.062745 0
0.31373 0.15686 0.13333 0
0.3451 0.14118 0.12549 0
0.32549 0.12157 0.14118 0
0.28627 0.1098 0.13333 0
0.1451 0.31373 0.43922 0
0.14118 0.31373 0.44314 0
0.14902 0.32549 0.48235 0
0.16471 0.34902 0.47059 0
0.082353 0.21569 0.31373 0
0.090196 0.27059 0.34902 0
0.094118 0.23922 0.34902 0
0.094118 0.21961 0.34118 0
0.10588 0.34902 0.41176 0
0.1098 0.33725 0.41961 0
0.17255 0.36078 0.46667 0
0.19608 0.40392 0.49412 0
0.16078 0.37255 0.43529 0
0.14118 0.3098 0.39608 0
0.3451 0.39216 0.18824 0
0.5451 0.50588 0.25882 0
0.48235 0.41569 0.22745 0
0.44706 0.34902 0.2 0
0.36078 0.22353 0.15686 0
0.23529 0.1451 0.10588 0
0.57255 0.48627 0.25098 0
0.10196 0.20784 0.31373 0
0.13725 0.32941 0.37647 0
0.12157 0.25098 0.32549 0
0.38431 0.39608 0.066667 0
0.14902 0.38824 0.50588 0
0.22353 0.49804 0.21176 0
0.23922 0.43529 0.2 0
0.21176 0.41569 0.19216 0
0.20392 0.49804 0.22353 0
0.12941 0.30196 0.45098 0
0.12941 0.30196 0.45098 0
0.23529 0.062745 0.10196 0
0.25882 0.07451 0.13333 0
0.30196 0.094118 0.13725 0
0.25882 0.070588 0.098039 0
0.59216 0.54902 0.27059 0
0.5098 0.28235 0.14902 0
0.52157 0.32941 0.2 0
0.55686 0.54902 0.27059 0
0.39216 0.43922 0.21176 0
0.41961 0.47843 0.23137 0
0.066667 0.082353 0.14902 0
0.27451 0.36078 0.17255 0
0.29412 0.38824 0.18431 0
0.30588 0.41569 0.2 0
0.33725 0.44314 0.21569 0
0.45882 0.52157 0.2549 0
0.21569 0.4549 0.52941 0
0.23137 0.44314 0.53333 0
0.48627 0.58431 0.28627 0
0.38431 0.49412 0.24314 0
0.21569 0.37647 0.17647 0
0.18431 0.41569 0.19216 0
0.19608 0.35294 0.16471 0
0.17255 0.39608 0.20392 0
0.11373 0.25098 0.23137 0
0.24706 0.4549 0.59608 0
0.19608 0.38824 0.51765 0
0.18039 0.37647 0.5098 0
0.23922 0.4549 0.6 0
0.18824 0.38039 0.49412 0
0.21569 0.41569 0.53333 0
0.18824 0.47451 0.2549 0
0.066667 0.12549 0.24706 0
0.19608 0.50196 0.23529 0
0.17647 0.51765 0.27843 0
0.17255 0.5451 0.25882 0
0.20392 0.57255 0.22745 0
0.18824 0.58824 0.21569 0
0.24314 0.56471 0.23137 0
0.21569 0.54902 0.22745 0
0.18039 0.61569 0.22353 0
0.18824 0.43137 0.61961 0
0.2 0.43529 0.61176 0
0.2549 0.51373 0.22745 0
0.066667 0.37647 0.078431 0
0.43529 0.47451 0.082353 0
0.38039 0.44314 0.07451 0
0.6 0.6 0.12549 0
0.52941 0.5451 0.10588 0
0.19608 0.44706 0.63529 0
0.14118 0.066667 0.21569 0
0.16078 0.058824 0.19216 0
0.070588 0.43529 0.094118 0
0.07451 0.44706 0.13725 0
0.11373 0.55294 0.15686 0
0.086275 0.48627 0.14118 0
0.082353 0.49412 0.098039 0
0.11373 0.5451 0.12941 0
0.43529 0.50588 0.086275 0
0.47843 0.53725 0.098039 0
0.71373 0.67059 0.27059 0
0.68235 0.66667 0.17647 0
0.14118 0.44314 0.46667 0
0.15686 0.48627 0.41961 0
0.16863 0.49804 0.49804 0
0.16078 0.40392 0.45098 0
0.078431 0.16471 0.27843 0
0.1098 0.24314 0.3451 0
0.25882 0.47843 0.094118 0
0.23922 0.42745 0.078431 0
0.070588 0.37647 0.17255 0
0.070588 0.40784 0.19608 0
0.062745 0.035294 0.14118 0
0.090196 0.11765 0.21569 0
0.10196 0.15294 0.24706 0
0.05098 0.05098 0.18431 0
0.22745 0.46667 0.62353 0
0.20392 0.44706 0.63137 0
0.15686 0.43529 0.43529 0
0.21569 0.054902 0.066667 0
0.17647 0.070588 0.17255 0
0.13333 0.07451 0.20784 0
0.36078 0.16471 0.082353 0
0.2902 0.48235 0.23137 0
0.16863 0.36863 0.52157 0
0.22353 0.44706 0.59608 0
0.2549 0.46667 0.60784 0
0.24706 0.51373 0.63137 0
0.71373 0.71373 0.19216 0
0.33333 0.41569 0.070588 0
0.16471 0.61176 0.19216 0
0.1451 0.6 0.19216 0
0.090196 0.054902 0.20784 0
0.4 0.21176 0.15686 0
0.25098 0.10588 0.11373 0
0.24706 0.094118 0.15294 0
0.21176 0.078431 0.18824 0
0.21176 0.07451 0.20784 0
0.27843 0.49804 0.64314 0
0.27059 0.49804 0.64706 0
0.25882 0.50588 0.67059 0
0.23922 0.50196 0.67451 0
0.21569 0.47451 0.67059 0
0.27451 0.49804 0.64706 0
0.26275 0.49804 0.6549 0
0.23529 0.47451 0.63137 0
0.29412 0.52549 0.67843 0
0.32941 0.57255 0.71373 0
0.31373 0.59216 0.78039 0
0.30196 0.56863 0.74902 0
0.31373 0.58431 0.76471 0
0.32549 0.61176 0.8 0
0.36863 0.67451 0.87451 0
0.32941 0.62745 0.82745 0
0.35686 0.60392 0.76863 0
0.34902 0.62353 0.80784 0
0.37255 0.64314 0.8 0
0.38431 0.65882 0.81569 0
0.39608 0.68627 0.87843 0
0.33725 0.59216 0.73725 0
0.36078 0.6 0.76078 0
0.35294 0.66667 0.87843 0
0.39216 0.69412 0.89804 0
0.41569 0.7098 0.90196 0
0.38039 0.69412 0.90196 0
0.26667 0.54118 0.72549 0
0.30196 0.58824 0.78039 0
0.31373 0.62745 0.83529 0
0.33725 0.66667 0.88235 0
0.29412 0.58824 0.78431 0
0.29804 0.61176 0.81961 0
0.31373 0.63529 0.85098 0
0.27843 0.57647 0.77255 0
0.29412 0.6 0.80392 0
0.24314 0.5098 0.6902 0
0.23922 0.49804 0.69804 0
0.30196 0.61176 0.81961 0
0.36078 0.68235 0.89412 0
0.33333 0.59216 0.74118 0
0.35294 0.63529 0.79608 0
0.31373 0.58431 0.73725 0
0.32941 0.61961 0.78824 0
0.37255 0.67451 0.85098 0
0.38824 0.67451 0.83922 0
0.20784 0.45882 0.65098 0
0.23137 0.47451 0.63529 0
0.24314 0.49804 0.67059 0
0.28235 0.57647 0.76863 0
0.2549 0.51373 0.68627 0
0.28235 0.52941 0.6902 0
0.29804 0.56863 0.74902 0
0.2902 0.57647 0.76863 0
0.32157 0.60784 0.79608 0
0.30588 0.60392 0.80392 0
0.29804 0.6 0.80392 0
0.33333 0.63137 0.83137 0
0.35294 0.64314 0.83922 0
0.32549 0.63922 0.85098 0
0.31373 0.61961 0.81961 0
0.31373 0.62745 0.83529 0
0.1451 0.086275 0.39216 0
0.15686 0.082353 0.39608 0
0.14902 0.082353 0.36863 0
0.14118 0.086275 0.36471 0
0.13725 0.11765 0.42745 0
0.14118 0.098039 0.40392 0
0.1098 0.10196 0.38824 0
0.1451 0.13333 0.43922 0
0.22745 0.15294 0.47451 0
0.17647 0.15686 0.43137 0
0.12157 0.1451 0.37647 0
0.10196 0.11765 0.36863 0
0.094118 0.18039 0.30588 0
0.11373 0.18039 0.3098 0
0.13333 0.062745 0.22745 0
0.13725 0.07451 0.23529 0
0.15294 0.090196 0.39608 0
0.13725 0.090196 0.36471 0
0.15294 0.090196 0.32157 0
0.13333 0.082353 0.32941 0
0.14902 0.086275 0.35686 0
0.16471 0.098039 0.35294 0
0.066667 0.078431 0.25098 0
0.11373 0.058824 0.22353 0
0.078431 0.14902 0.28627 0
0.17647 0.10588 0.33725 0
0.17647 0.13333 0.36471 0
0.10588 0.10588 0.27059 0
0.11765 0.094118 0.2549 0
0.10588 0.086275 0.34902 0
0.13333 0.082353 0.33725 0
0.12549 0.082353 0.33333 0
0.14118 0.14118 0.36863 0
0.2 0.14902 0.39608 0
0.22745 0.12549 0.49804 0
0.18039 0.10588 0.38824 0
0.16863 0.10196 0.38431 0
0.21569 0.1098 0.50588 0
0.18824 0.1098 0.36471 0
0.20784 0.11765 0.41176 0
0.19608 0.086275 0.49412 0
0.2 0.094118 0.4902 0
0.18824 0.090196 0.51373 0
0.1098 0.14118 0.2902 0
0.20392 0.11373 0.49804 0
0.19216 0.098039 0.50588 0
0.16078 0.090196 0.38824 0
0.20392 0.098039 0.49804 0
0.24706 0.13725 0.50588 0
0.19216 0.13333 0.50196 0
0.27843 0.15686 0.56078 0
0.25882 0.14902 0.55686 0
0.22353 0.12549 0.55294 0
0.20784 0.10588 0.55294 0
0.2 0.098039 0.5451 0
0.23922 0.12941 0.54902 0
0.22353 0.1098 0.53725 0
0.20784 0.090196 0.52157 0
0.27059 0.12941 0.6 0
0.28235 0.14118 0.60784 0
0.2549 0.10196 0.67059 0
0.25882 0.11373 0.6549 0
0.26275 0.11765 0.66275 0
0.27843 0.11765 0.72157 0
0.26275 0.12941 0.62353 0
0.26667 0.13333 0.63922 0
0.31765 0.16078 0.67843 0
0.29804 0.1451 0.72549 0
0.31373 0.15294 0.6902 0
0.32549 0.15686 0.72549 0
0.33333 0.1451 0.76863 0
0.3098 0.15686 0.65882 0
0.28235 0.11373 0.7451 0
0.26667 0.098039 0.73333 0
0.3451 0.19216 0.69804 0
0.23922 0.1098 0.59216 0
0.24314 0.098039 0.63529 0
0.24314 0.086275 0.67451 0
0.2549 0.086275 0.72549 0
0.23137 0.090196 0.62745 0
0.23529 0.078431 0.66667 0
0.25098 0.082353 0.70588 0
0.22353 0.082353 0.60784 0
0.23137 0.078431 0.65098 0
0.21569 0.094118 0.55294 0
0.20784 0.098039 0.56078 0
0.23529 0.078431 0.67059 0
0.30588 0.1098 0.76078 0
0.27059 0.098039 0.74902 0
0.31373 0.12157 0.76863 0
0.2902 0.13725 0.65098 0
0.29412 0.12549 0.69412 0
0.27843 0.12157 0.64314 0
0.28235 0.11373 0.68235 0
0.29804 0.11765 0.72157 0
0.31373 0.13333 0.73333 0
0.20392 0.090196 0.52157 0
0.20392 0.090196 0.51765 0
0.20784 0.086275 0.53333 0
0.22353 0.082353 0.60784 0
0.20784 0.090196 0.53725 0
0.22745 0.098039 0.57647 0
0.23529 0.098039 0.60784 0
0.23137 0.090196 0.61569 0
0.26667 0.10196 0.65882 0
0.23922 0.090196 0.64706 0
0.22745 0.078431 0.63922 0
0.27843 0.098039 0.70588 0
0.2902 0.10588 0.71373 0
0.25882 0.090196 0.72941 0
0.25098 0.094118 0.68627 0
0.24314 0.082353 0.6902 0
0.39216 0.14118 0.34118 0
0.41569 0.14118 0.36078 0
0.37255 0.12549 0.31373 0
0.35686 0.12549 0.30196 0
0.36471 0.16863 0.33333 0
0.35294 0.14902 0.31765 0
0.33725 0.14118 0.30588 0
0.3451 0.16078 0.32157 0
0.4 0.18824 0.32941 0
0.35294 0.16078 0.29412 0
0.29804 0.12549 0.27451 0
0.30196 0.12549 0.27843 0
0.23529 0.090196 0.21569 0
0.25098 0.098039 0.20392 0
0.36863 0.14902 0.32549 0
0.35294 0.13725 0.3098 0
0.3451 0.12941 0.24706 0
0.32549 0.1098 0.2549 0
0.36471 0.12941 0.29412 0
0.35294 0.13333 0.26667 0
0.23529 0.070588 0.21961 0
0.24706 0.070588 0.18431 0
0.23137 0.078431 0.23137 0
0.36078 0.14902 0.23922 0
0.34902 0.15294 0.26275 0
0.2902 0.11373 0.18431 0
0.31373 0.12157 0.18039 0
0.32157 0.12157 0.2902 0
0.33725 0.1098 0.27843 0
0.33725 0.11765 0.28627 0
0.3098 0.13333 0.26275 0
0.39216 0.18039 0.28627 0
0.47059 0.22745 0.4 0
0.38431 0.16471 0.28235 0
0.37255 0.14902 0.2902 0
0.48627 0.22745 0.40784 0
0.37647 0.16078 0.26667 0
0.40392 0.18039 0.29412 0
0.52157 0.22353 0.45098 0
0.5098 0.22745 0.43529 0
0.49804 0.21569 0.44314 0
0.27451 0.11373 0.2 0
0.30196 0.10196 0.15294 0
0.4549 0.21569 0.4 0
0.47059 0.21961 0.41176 0
0.39608 0.14902 0.32157 0
0.50588 0.22745 0.43137 0
0.46667 0.23137 0.38824 0
0.43529 0.21569 0.37647 0
0.4902 0.25098 0.41961 0
0.48627 0.2549 0.42353 0
0.47843 0.23922 0.42353 0
0.50588 0.24706 0.44706 0
0.52549 0.24706 0.45882 0
0.51765 0.25882 0.43922 0
0.53725 0.25882 0.46275 0
0.52549 0.23529 0.44706 0
0.54118 0.27059 0.45882 0
0.5451 0.29412 0.47059 0
0.62745 0.33333 0.56078 0
0.58824 0.31765 0.52549 0
0.58431 0.31373 0.52157 0
0.63137 0.34902 0.56471 0
0.53333 0.28235 0.47451 0
0.54902 0.29412 0.4902 0
0.56078 0.31373 0.49412 0
0.61961 0.35294 0.55686 0
0.58824 0.32941 0.5098 0
0.62745 0.35294 0.55294 0
0.67843 0.39608 0.61176 0
0.55686 0.30196 0.48235 0
0.67059 0.36863 0.6 0
0.65882 0.35294 0.58824 0
0.55686 0.31373 0.48235 0
0.52941 0.27059 0.47059 0
0.58039 0.29804 0.51373 0
0.64314 0.32941 0.56863 0
0.67843 0.35294 0.60392 0
0.59608 0.29804 0.52549 0
0.63529 0.31765 0.56078 0
0.69412 0.34118 0.62353 0
0.61176 0.29412 0.53725 0
0.64706 0.31373 0.56863 0
0.54118 0.2549 0.46667 0
0.52941 0.25882 0.46667 0
0.68235 0.33333 0.61176 0
0.70196 0.38824 0.62745 0
0.71373 0.37255 0.63529 0
0.69412 0.39216 0.62353 0
0.58431 0.31765 0.50196 0
0.65098 0.34902 0.57255 0
0.60392 0.30196 0.52157 0
0.6549 0.32941 0.58039 0
0.68235 0.37255 0.61176 0
0.69804 0.38431 0.62353 0
0.52941 0.23529 0.45882 0
0.52549 0.23529 0.44706 0
0.54118 0.24314 0.46275 0
0.62353 0.29412 0.5451 0
0.55686 0.2549 0.47843 0
0.58039 0.27843 0.50196 0
0.61961 0.29804 0.5451 0
0.62353 0.29412 0.5451 0
0.66667 0.32549 0.58824 0
0.6549 0.31373 0.57647 0
0.6549 0.3098 0.57647 0
0.69804 0.34902 0.61569 0
0.69804 0.36471 0.61961 0
0.70196 0.3451 0.61961 0
0.67451 0.32157 0.59216 0
0.68627 0.32941 0.60392 0
0.27451 0.082353 0.16078 0
0.4549 0.082353 0.13333 0
0.45098 0.070588 0.13725 0
0.42353 0.07451 0.13333 0
0.42745 0.082353 0.12941 0
0.5451 0.11373 0.15686 0
0.47059 0.098039 0.13725 0
0.44314 0.10196 0.13333 0
0.44706 0.1098 0.12941 0
0.55294 0.13333 0.16078 0
0.51373 0.13725 0.15294 0
0.46275 0.12941 0.14118 0
0.41176 0.10196 0.12157 0
0.33333 0.10588 0.10588 0
0.39216 0.16863 0.13333 0
0.36078 0.12157 0.082353 0
0.30196 0.082353 0.07451 0
0.37647 0.10196 0.082353 0
0.42745 0.15294 0.098039 0
0.46275 0.090196 0.14118 0
0.43529 0.094118 0.12549 0
0.45098 0.1098 0.098039 0
0.40392 0.078431 0.12157 0
0.42745 0.07451 0.13333 0
0.43529 0.082353 0.11765 0
0.27843 0.070588 0.082353 0
0.25882 0.070588 0.094118 0
0.28627 0.07451 0.094118 0
0.33725 0.078431 0.086275 0
0.27451 0.07451 0.10196 0
0.5098 0.16471 0.12549 0
0.53725 0.17647 0.14902 0
0.49412 0.24314 0.15294 0
0.44706 0.18039 0.11373 0
0.40784 0.094118 0.12549 0
0.4 0.078431 0.13333 0
0.40392 0.086275 0.12941 0
0.5098 0.15686 0.1451 0
0.55294 0.16863 0.14118 0
0.56078 0.090196 0.12157 0
0.48627 0.094118 0.1098 0
0.45882 0.082353 0.12941 0
0.54902 0.078431 0.12549 0
0.50588 0.14118 0.11373 0
0.55294 0.14118 0.12549 0
0.53333 0.066667 0.1451 0
0.52941 0.062745 0.14118 0
0.53725 0.07451 0.15294 0
0.45882 0.23922 0.16078 0
0.54902 0.098039 0.14118 0
0.54902 0.086275 0.14902 0
0.45098 0.070588 0.13333 0
0.5451 0.078431 0.12549 0
0.59608 0.1098 0.1098 0
0.56863 0.10588 0.15294 0
0.59216 0.090196 0.14118 0
0.6 0.10196 0.15294 0
0.57647 0.094118 0.14118 0
0.56471 0.086275 0.14902 0
0.55294 0.07451 0.14118 0
0.59216 0.078431 0.12941 0
0.58431 0.070588 0.12157 0
0.56863 0.070588 0.11765 0
0.61961 0.07451 0.12941 0
0.63529 0.086275 0.14118 0
0.6902 0.078431 0.16078 0
0.66275 0.086275 0.16078 0
0.66667 0.090196 0.16471 0
0.69412 0.082353 0.16471 0
0.62353 0.094118 0.14902 0
0.66275 0.098039 0.15686 0
0.68627 0.1098 0.16863 0
0.7451 0.10196 0.16471 0
0.67843 0.078431 0.14118 0
0.71373 0.082353 0.1451 0
0.71765 0.090196 0.15294 0
0.6549 0.090196 0.1451 0
0.7098 0.082353 0.16471 0
0.71765 0.07451 0.16078 0
0.65098 0.10588 0.16078 0
0.61176 0.082353 0.15294 0
0.6549 0.078431 0.15294 0
0.69412 0.066667 0.15294 0
0.7098 0.066667 0.15294 0
0.65098 0.07451 0.14902 0
0.6902 0.066667 0.14902 0
0.7098 0.05098 0.14118 0
0.64314 0.070588 0.1451 0
0.67843 0.058824 0.14118 0
0.56863 0.058824 0.14118 0
0.57647 0.066667 0.14902 0
0.6902 0.054902 0.13725 0
0.77647 0.082353 0.15294 0
0.72549 0.05098 0.14118 0
0.76471 0.086275 0.15294 0
0.67451 0.078431 0.13725 0
0.72157 0.07451 0.13725 0
0.65882 0.062745 0.12157 0
0.70196 0.054902 0.12157 0
0.8 0.090196 0.16078 0
0.76863 0.090196 0.15686 0
0.55686 0.062745 0.1451 0
0.56078 0.062745 0.12941 0
0.57647 0.062745 0.13333 0
0.63529 0.058824 0.13725 0
0.59216 0.062745 0.11373 0
0.61176 0.066667 0.12157 0
0.65098 0.054902 0.11373 0
0.64706 0.054902 0.11373 0
0.69412 0.047059 0.11373 0
0.68627 0.047059 0.12941 0
0.67059 0.05098 0.13333 0
0.71373 0.039216 0.12941 0
0.73333 0.039216 0.1098 0
0.71373 0.043137 0.13333 0
0.69804 0.039216 0.12941 0
0.69804 0.043137 0.12941 0
0.38824 0.14118 0.090196 0
0.13725 0.63529 0.21961 0
0.14902 0.65098 0.28235 0
0.070588 0.49412 0.22745 0
0.10196 0.58431 0.27843 0
0.062745 0.48235 0.18824 0
0.070588 0.49804 0.15686 0
0.066667 0.47451 0.16078 0
0.12941 0.62745 0.27843 0
0.12549 0.6 0.18824 0
0.094118 0.53725 0.15294 0
0.086275 0.58039 0.16863 0
0.062745 0.56078 0.16078 0
0.05098 0.52941 0.16471 0
0.062745 0.5098 0.16471 0
0.058824 0.50588 0.20784 0
0.11373 0.63922 0.18431 0
0.12549 0.65882 0.23137 0
0.12549 0.63137 0.27843 0
0.094118 0.65882 0.18824 0
0.054902 0.65882 0.17647 0
0.027451 0.59608 0.21569 0
0.035294 0.57255 0.21569 0
0.035294 0.58824 0.2 0
0.011765 0.62745 0.21569 0
0.039216 0.57647 0.2 0
0.039216 0.59216 0.18824 0
0.047059 0.63922 0.18431 0
0.027451 0.61176 0.20392 0
0.054902 0.68235 0.18039 0
0.039216 0.68235 0.18824 0
0.015686 0.63137 0.2 0
0.0039216 0.6549 0.22353 0
0.011765 0.66667 0.20784 0
0.011765 0.63922 0.21961 0
0.054902 0.67059 0.17647 0
0.05098 0.55686 0.18431 0
0.043137 0.56471 0.21569 0
0.031373 0.60392 0.22353 0
0.015686 0.63529 0.22353 0
0.047059 0.56863 0.21961 0
0.039216 0.61569 0.21176 0
0.035294 0.64314 0.21961 0
0.058824 0.60784 0.23922 0
0.05098 0.63529 0.22745 0
0.066667 0.53333 0.23529 0
0.054902 0.51765 0.21176 0
0.047059 0.66275 0.23137 0
0.0078431 0.69804 0.21569 0
0.011765 0.68235 0.21176 0
0.05098 0.68627 0.17647 0
0.023529 0.66667 0.19608 0
0.043137 0.70588 0.17255 0
0.07451 0.69412 0.18039 0
0.039216 0.70588 0.17255 0
0.023529 0.70588 0.20784 0
0.019608 0.67843 0.21569 0
0.066667 0.50196 0.21176 0
0.094118 0.58039 0.27059 0
0.098039 0.6 0.26275 0
0.094118 0.66667 0.26667 0
0.13333 0.67059 0.27451 0
0.11373 0.66667 0.20392 0
0.10196 0.70588 0.22353 0
0.11765 0.70588 0.27451 0
0.086275 0.74118 0.21961 0
0.10196 0.73333 0.27059 0
0.090196 0.71373 0.2549 0
0.058824 0.76471 0.2 0
0.027451 0.72157 0.18824 0
0.027451 0.67451 0.22353 0
0.086275 0.75294 0.26275 0
0.058824 0.71373 0.21176 0
0.3098 0.11765 0.070588 0
0.27059 0.078431 0.066667 0
0.29412 0.12941 0.066667 0
0.36471 0.26667 0.070588 0
0.49412 0.42745 0.098039 0
0.32549 0.23922 0.066667 0
0.25882 0.11373 0.062745 0
0.25098 0.066667 0.066667 0
0.35686 0.33725 0.062745 0
